1 32 1 1 1 0 1210 1 0 6.4 30.2 29.8 129 10.9 1 1 0 0 0 0 1 3
1 51 3 1 1 0 1210 1 0 7.7 39.4 77 89 11.2 4.2 1 0 0 0 0 1 3
1 60 2 1 0 0 60.9 1 0 16.7 43 87 103 11.6 5.3 1 0 0 0 0 1 3
1 10 3 1 0 0 1000 1 0 14.5 43.5 66.5 203 11.2 2.4 1 0 0 0 0 1 3
1 66 3 2 1 1 68.4 0 0 8.3 40.6 24.8 67 11.5 4.4 1 0 0 0 0 1 3
1 60 3 1 1 1 13.9 1 0 15.3 44.8 24 82 11.2 6 1 0 0 0 0 1 3
1 70 3 1 1 1 192.5 0 0 15.5 48.1 57.5 51 11.2 2.6 1 0 0 0 0 1 3
1 66 3 1 0 1 12 1 0 22.8 31.3 21.4 117 12.9 5 1 0 0 0 0 1 3
1 43 3 1 1 0 1000 1 0 23.1 40.6 45.4 156 11.2 2.1 1 0 0 0 0 1 3
1 35 3 1 1 0 189.6 1 1 21.2 41.2 86 383 14.2 3.5 1 0 0 0 0 0 3
1 55 2 1 1 1 2 1 0 14.9 40 63 89 13.3 5 1 0 0 0 0 0 3
1 45 2 1 0 0 9.7 1 0 15.6 42.2 75 67 13.8 8 1 0 0 0 0 0 3
2 54 3 1 0 1 1000 1 0 20 35.7 37.5 35 14.2 6 1 0 0 0 0 0 3
1 50 3 2 1 0 133.8 1 1 15.6 30.8 66.3 137 11.8 8.5 1 0 0 0 0 1 3
2 76 3 1 0 1 799.6 1 1 12.4 33.5 32.7 81 14.2 2.5 1 0 0 0 0 1 3
1 38 3 1 1 0 133.8 1 0 30.7 41.5 61 95 13.5 9.5 1 0 0 0 0 1 3
1 42 3 1 0 0 2.7 1 0 11.2 27.9 22.1 52 13.3 8 1 0 0 0 0 0 3
1 45 3 1 1 1 292.7 1 0 109 47.4 42.7 75 13 6 1 0 0 0 0 1 3
1 45 3 1 0 1 432.1 1 0 13.6 42.8 41.5 65 14 2.5 1 0 0 0 0 0 3
1 34 3 1 1 0 1210 1 1 16.6 37.7 65.9 90 13.2 7 1 0 0 0 0 0 3
1 58 3 1 1 1 75 1 0 21.7 42.7 61.1 329 12.4 1.6 1 0 0 0 0 0 3
1 40 4 2 1 0 1210 1 1 12.9 40.3 44.2 102 12 2.4 1 0 0 0 0 1 3
1 54 3 1 1 0 73.3 1 0 20.2 38.7 43 139 15.1 6 1 0 0 0 0 0 3
1 58 3 1 1 1 1210 1 0 17.5 49 36.2 41 12.8 3.2 1 0 0 0 0 1 3
1 37 3 2 1 1 1210 1 0 8.7 42.8 105 161 11.7 11 1 0 0 0 0 0 3
1 56 3 1 1 1 1210 1 0 9.1 43 53 49 14.8 4.5 1 0 0 0 0 1 3
1 49 3 1 1 1 11 1 0 16.9 43 47.3 63 12.9 5.5 1 0 0 0 0 0 3
1 37 3 1 1 0 22.3 1 1 10.7 30.1 41 216 14.4 4 1 0 0 0 0 1 3
1 39 3 1 0 1 1210 1 0 15.4 31.4 81.9 104 13.8 7 1 0 0 0 0 0 3
1 37 3 2 0 0 50 1 1 18.7 24 37.3 127 14.1 6 1 0 0 0 0 1 3
1 53 3 1 1 0 1210 1 0 7.5 26.7 32.8 52 13.6 4 1 0 0 0 0 0 3
1 54 2 1 1 0 2.3 0 0 12.9 37.6 8.3 192 13 4.2 1 0 0 0 0 0 3
1 48 2 1 1 0 65.1 1 0 13.1 43.1 36.8 161 13.4 8.7 1 0 0 0 0 0 3
1 34 3 1 1 0 1210 1 0 14 42.5 47 103 13.2 7.5 1 0 0 0 0 0 3
1 49 3 1 1 0 3.4 1 0 13.3 34.9 36.8 141 13.6 7.5 1 0 0 0 0 0 3
1 43 3 1 0 0 7.7 1 0 30.8 47.4 91 167 13.6 3.6 1 0 0 0 0 1 3
1 57 3 1 0 1 4 1 0 19.2 42 79.3 41 14.1 5 1 0 0 0 0 1 3
1 50 3 1 1 0 9.5 1 0 11 23.8 77.6 81 14.8 4.4 1 0 0 0 0 1 3
2 56 3 2 1 0 1210 0 0 13.2 39.7 21.9 124 12 12 1 0 0 0 0 1 1
1 63 3 1 0 0 113.8 0 0 15.7 33.6 19.5 259 11.5 5.5 1 0 0 0 0 1 1
1 51 3 1 0 1 1000 1 1 16.6 40.5 51 103 13.2 12 1 0 0 0 0 1 1
1 40 3 1 1 0 1210 1 1 16.9 30.2 52.3 143 13.8 12 1 0 0 0 0 1 1
1 64 2 1 1 1 9 1 0 7.5 46.6 72.2 157 13.1 12 1 0 0 0 0 1 1
1 43 3 1 0 0 750 1 1 22.5 40.3 50.2 100 13.8 4 1 0 0 0 0 1 1
1 32 3 2 1 0 70.3 1 0 10.9 45.5 53.1 140 12.1 5 1 0 0 0 0 1 1
1 27 4 2 1 0 1053.9 1 0 17.4 40.5 90 107 11.8 12.2 1 0 0 0 0 1 1
1 61 3 1 0 0 1210 1 1 9.4 32.4 42 68 13.8 5 1 0 0 0 0 1 1
1 55 3 1 1 0 1210 0 0 19.8 45.2 182.2 76 11.3 11 1 0 0 0 0 1 1
1 60 3 1 1 0 26.3 1 0 9.3 35.9 40.7 131 14.1 2.5 1 0 0 0 0 1 1
1 72 3 1 1 0 156.9 1 0 15.5 32.8 37.3 94 14.6 11 1 0 0 0 0 1 1
2 62 3 1 1 0 1070.9 1 0 12.1 40.5 37.7 54 11.2 11.9 1 0 0 0 0 1 1
1 52 3 1 0 0 1210 1 1 16.5 38 90.4 116 11.6 12.5 1 0 0 0 0 1 1
1 47 3 1 1 0 4.2 1 1 25.2 38.8 73.6 155 13.8 4 1 0 0 0 0 1 1
1 37 3 1 1 0 2.9 1 0 16.5 41.7 67 76 11.2 8.8 1 0 0 0 0 1 1
1 73 3 1 1 1 22.9 0 0 15.7 46.2 56.7 208 11.8 5.2 1 0 0 0 0 1 1
2 55 2 1 1 0 1.1 1 0 15.8 51.5 36 257 11.4 11.8 1 0 0 0 0 1 1
1 56 3 1 1 0 325 0 0 14.2 42.8 19.4 128 11.9 8 1 0 0 0 0 1 1
2 58 3 1 1 0 264.4 1 0 15.1 24.5 76.8 91 11.6 4.3 1 0 0 0 0 1 1
2 64 3 2 1 0 157.5 0 0 12.3 48.3 36 68 12 10.4 1 0 0 0 0 1 1
1 46 3 1 1 0 1210 1 0 18.4 38.5 60.4 157 11.2 5.8 1 0 0 0 0 1 1
1 18 3 2 1 1 1210 1 0 10.7 37.1 27.6 61 11.2 6.9 1 0 0 0 0 1 1
2 56 3 1 0 1 7.2 1 0 15.4 42.7 24.1 123 15 7 1 0 0 0 0 1 1
1 77 2 1 1 0 11.4 1 0 24.9 26.8 54.1 85 12 6.8 1 0 0 0 0 1 1
1 50 3 1 0 0 31 1 0 15.3 39.1 57.7 118 12.1 11.7 1 0 0 0 0 1 1
2 77 3 2 1 0 1210 1 0 15.7 35.4 31 118 11.2 7.7 1 0 0 0 0 1 1
1 50 2 1 1 0 3.4 0 0 12.7 45.9 40.2 172 13.4 11.5 1 0 0 0 0 1 1
1 48 3 1 1 0 4.1 1 0 8.2 42.4 84 300 14.9 9 1 0 0 0 0 1 1
1 62 3 2 0 0 52.4 1 0 17.2 29.5 76 97 11.6 10.4 1 0 0 0 0 1 1
1 47 4 2 0 1 636.1 1 1 12.6 33.9 75.4 82 12.9 5 1 0 0 0 0 1 1
1 46 3 1 0 0 1210 1 0 8.3 39.5 32.7 199 11.2 12 1 0 0 0 0 1 1
1 58 3 1 0 0 6.6 1 0 14.7 38.2 73.7 149 12.5 11 1 0 0 0 0 1 1
1 66 3 1 1 0 6.2 1 0 7 41.5 42 141 12.2 12 1 0 0 0 0 1 1
1 46 3 1 1 0 1.5 1 0 5.4 40.2 52 99 14.4 4 1 0 0 0 0 1 1
2 56 2 1 0 0 7.1 1 0 20.4 38.5 34.2 252 11.5 10.5 1 0 0 0 0 1 1
1 55 2 1 1 1 16.2 1 0 15.5 47.2 64.7 132 12 11.4 1 0 0 0 0 1 1
2 56 2 1 0 1 16.5 1 0 9.3 35.8 70.6 124 14.7 12 1 0 0 0 0 1 1
1 65 3 1 0 1 119.6 1 0 12.9 40 20 91 11.9 7 1 0 0 0 0 1 1
1 62 2 1 0 0 2.7 0 0 19.7 45.2 31.7 74 11.8 5.7 1 0 0 0 0 1 1
1 57 3 2 1 0 35.4 1 0 11 37.6 69 108 11.2 7.9 1 0 0 0 0 1 1
1 36 3 2 1 0 81.5 1 0 16.9 51.7 51.4 17 11.3 7.9 1 0 0 0 0 1 1
2 32 3 1 1 0 1210 1 1 17.1 35.6 34.1 67 11.2 10 1 0 0 0 0 1 1
1 48 3 1 0 1 1200 0 0 17.8 40 57 171 11.8 5 1 0 0 0 0 1 1
1 46 3 1 1 0 1210 1 0 12 36.7 34 76 12.9 2.5 1 0 0 0 0 1 1
1 72 3 1 1 0 1.4 0 0 10.1 46.3 25 33 11.5 10 1 0 0 0 0 1 1
2 66 3 1 0 0 4.9 1 0 21.5 38.7 41.5 182 11 10.2 1 0 0 0 0 1 1
1 49 3 1 1 0 1210 1 0 10.6 24.8 31.9 190 11.2 8.6 1 0 0 0 0 1 1
2 55 3 1 0 0 1.1 1 0 15.8 51.5 36 349 11.4 5.3 1 0 0 0 0 1 1
1 45 1 1 0 1 7.3 1 0 7 40.4 41.8 143 11.2 11 1 0 0 0 0 1 1
2 77 3 1 0 0 19.1 0 0 11.7 36.4 61.3 25 11.6 11.9 1 0 0 0 0 1 1
1 48 3 1 1 1 729.8 1 0 18.7 42.1 70.9 96 11.3 10.4 1 0 0 0 0 1 1
1 49 3 2 1 0 752.6 1 0 19.2 35 41.5 207 12.2 8.5 1 0 0 0 0 1 1
1 41 3 1 1 0 1210 1 0 11.2 35.7 74.1 183 10.5 7.6 1 0 0 0 0 1 1
1 40 3 1 1 0 1210 1 0 13.1 50.7 42.1 28 13.1 4 1 0 0 0 0 1 1
1 50 3 1 1 0 83.3 1 0 28.2 40.4 71.9 162 13.1 3 1 0 0 0 0 1 1
2 55 2 1 1 1 7.1 0 0 8.7 48.2 37.9 138 11.3 8 1 0 0 0 0 1 1
1 39 3 1 1 0 178.8 1 0 9 24.1 17 78 10.9 10 1 0 0 0 0 1 1
1 30 2 1 1 1 12.2 1 0 12.1 44 22.4 170 11.7 7.6 1 0 0 0 0 1 1
1 49 2 1 1 0 35.3 1 0 64.6 26.3 87.4 93 11.7 6.3 1 0 0 0 0 1 1
1 58 3 1 1 0 7 1 1 12.6 25.4 68.2 90 12.7 9 1 0 0 0 0 1 1
1 67 3 1 0 0 242 1 0 16.3 34.9 96.2 102 11.8 9.5 1 0 0 0 0 1 1
1 46 1 1 1 1 69.5 1 0 11.9 28.3 56.2 117 11.2 10.2 1 0 0 0 0 1 1
1 48 3 1 1 0 4.4 1 0 14.6 23.6 57.8 133 12.6 5.3 1 0 0 0 0 1 1
1 34 3 2 1 0 334.5 1 1 8.7 31.4 56.3 70 13.2 12.5 1 0 0 0 0 1 1
1 46 3 2 1 1 1210 1 0 9.3 46.7 50 74 13.1 9 1 0 0 0 0 1 1
1 43 3 1 0 0 4.7 1 0 14.6 45.5 58 208 14.9 3.07 1 0 0 0 0 1 1
1 55 3 1 0 0 321.7 1 0 16.6 44.6 59 97 11.2 11.5 1 0 0 0 0 1 1
1 68 3 1 0 0 1210 1 0 15.2 40.2 71 117 12.2 12 1 0 0 0 0 1 1
1 39 3 1 1 0 14.4 0 0 23.8 24.7 70.2 117 11.2 6.6 1 0 0 0 0 1 1
1 54 3 1 0 1 1210 1 0 15.2 45.6 32.4 102 11 12 1 0 0 0 0 1 1
2 47 3 1 1 0 1210 1 0 17.4 31.9 53.1 44 11.2 6.5 1 0 0 0 0 1 1
1 37 3 1 1 1 3.1 1 0 27.3 50.8 42.8 76 12 5.5 1 0 0 0 0 1 1
1 48 2 1 0 0 1000 0 0 10.6 50.1 35 110 10.9 8 1 0 0 0 0 1 1
1 34 4 1 1 1 1210 1 0 16.1 23.6 50.2 43 12 4.5 1 0 0 0 0 1 1
2 22 3 1 1 0 1210 1 0 25 49.1 14 387 11.2 12.5 1 0 0 0 0 1 1
1 53 4 1 1 0 1210 1 0 6.1 33.3 73.4 172 11.8 5 1 0 0 0 0 1 1
1 34 1 1 1 0 1086.1 1 1 20.1 31.9 18.8 73 12.1 5.6 1 0 0 0 0 1 1
1 46 3 2 1 0 1210 1 0 16.5 27.1 72.9 197 14.7 2.5 1 0 0 0 0 1 1
1 44 3 1 1 0 280.3 1 0 14.5 39 26 115 10.4 12 1 0 0 0 0 1 1
1 61 3 1 0 1 43.7 1 0 17.4 42.4 91.6 154 13.7 5 1 0 0 0 0 1 1
1 41 3 2 0 0 1210 1 1 9.1 37.3 31 129 12.6 9 1 0 0 0 0 1 1
1 49 2 1 1 0 1210 0 0 10.6 50.1 35 158 10.9 10.5 1 0 0 0 0 1 1
1 59 3 1 0 1 50.5 1 0 8.9 39.8 37.1 117 12.8 8.5 1 0 0 0 0 1 1
1 55 4 2 0 0 1210 1 0 11.2 38.5 36.3 72 14.1 3 1 0 0 0 0 1 1
2 57 3 1 1 0 1210 1 0 8.5 45.3 32.6 163 11.6 3.5 1 0 0 0 0 1 1
1 71 3 1 0 0 19.5 1 1 22.1 36.4 27.6 114 11.2 6.8 1 0 0 0 0 1 1
2 61 3 2 1 0 500.2 1 1 9.6 41.3 57.4 90 11.2 4 1 0 0 0 0 1 1
1 52 2 1 0 0 23.7 1 0 17.8 42.4 71.6 112 13.9 8 1 0 0 0 0 1 1
1 34 3 2 1 0 1210 1 0 20.3 37.9 56.1 26 11.2 5.7 1 0 0 0 0 1 1
1 72 3 1 0 1 27.9 0 0 16.3 39.2 68 203 14.2 4 1 0 0 0 0 1 1
1 44 3 2 1 0 173.8 1 0 20.2 26.05 46.9 207 11.9 8 1 0 0 0 0 1 1
1 52 3 1 0 0 21 1 0 8 45.3 36 124 11.8 3.9 1 0 0 0 0 1 1
2 48 2 1 0 1 1067 0 0 5.9 42.7 12.5 174 14.9 5.5 1 0 0 0 0 0 1
1 50 2 1 0 1 30.7 1 1 17.7 32.6 72.3 89 11.4 4.5 1 0 0 0 0 1 1
1 40 4 1 0 1 7.2 1 1 21.8 33.5 46.9 55 12.4 5.5 1 0 0 0 0 1 1
1 55 3 2 1 1 2.6 1 0 11 44.4 187 25 11.8 4.5 1 0 0 0 0 1 1
1 56 3 1 1 0 5.7 1 1 13.3 31.8 40.8 72 10.9 6.7 1 0 0 0 0 1 1
2 55 2 1 0 0 6.2 1 0 14.1 40.2 164.7 140 12.2 6.9 1 0 0 0 0 1 1
1 43 2 1 1 0 1210 1 0 19.8 41.7 51.2 165 11.2 3 1 0 0 0 0 1 1
1 49 3 1 0 0 220 1 1 20.7 35.7 52.4 51 13.6 1.8 1 0 0 0 0 1 1
1 47 3 1 0 0 77.6 1 0 17.9 48.8 54.2 66 13.9 5 1 0 0 0 0 1 1
1 50 3 1 0 0 3.6 0 0 4.6 46.4 46 98 11.2 1.7 1 0 0 0 0 1 1
1 62 3 1 1 0 60.6 1 0 13.9 47.7 120 242 11.8 4 1 0 0 0 0 1 1
2 50 3 1 0 0 1000 1 0 13 39.3 44.3 119 11.2 7.6 1 0 0 0 0 0 1
1 39 3 1 1 1 10.1 0 0 8.2 46.7 61.8 131 13.9 4.5 1 0 0 0 0 1 1
2 61 3 1 1 0 1210 1 0 11.1 36.8 76 171 11.8 10 1 0 0 0 0 1 1
1 45 3 1 1 0 1210 1 0 9.2 35.5 17.6 179 13.8 5.5 1 0 0 0 0 1 1
1 61 2 1 0 0 2.9 0 0 7.5 41.6 23.8 125 11.4 11.9 1 0 0 0 0 1 1
2 28 3 1 0 1 1210 1 1 20.9 30.9 80.3 86 11.2 10.4 1 0 0 0 0 1 1
1 48 2 1 0 0 23.8 1 0 11.5 40 103 111 11.7 5.8 1 0 0 0 0 1 1
1 46 3 2 1 0 1210 1 0 12.2 29.5 33 162 11.2 4.3 1 0 0 0 0 1 1
1 52 3 1 0 0 16 1 0 12.3 42.3 45 153 13.7 2.5 1 0 0 0 0 0 1
1 58 3 1 1 0 29.1 1 0 14.3 38.5 126.7 86 11.2 8.2 1 0 0 0 0 1 1
1 73 3 1 1 0 1210 1 0 18.2 36.7 88.6 117 14.3 11 1 0 0 0 0 1 1
1 40 3 2 1 0 1210 1 0 10.2 40.6 63.6 142 13.2 2 1 0 0 0 0 1 1
1 52 3 1 1 1 3.9 1 0 16.5 49 40.3 103 11.2 4.3 1 0 0 0 0 1 1
1 50 2 2 0 1 708.9 1 1 12.9 24.3 39.6 98 11.9 10 1 0 0 0 0 1 1
1 41 3 1 1 0 225.2 1 0 18.8 55.7 77 99 11.8 12 1 0 0 0 0 1 1
1 41 3 1 0 0 64.4 1 0 22.8 36.5 33.7 171 11.9 3 1 0 0 0 0 1 1
1 58 3 1 1 0 1210 1 0 11.7 45.9 28 93 13.2 8.5 1 0 0 0 0 0 1
2 43 4 2 1 0 1210 1 0 18 44.2 65 78 13.9 4 1 0 0 0 0 0 1
1 42 3 1 1 0 381.1 1 0 13.4 36.8 42.2 172 13.1 5 1 0 0 0 0 1 1
1 42 3 1 0 1 1210 1 0 22.7 32.8 40 125 11.6 4.5 1 0 0 0 0 1 1
1 62 3 1 0 0 1000 0 0 12.9 43.6 21.2 102 11.2 4.4 1 0 0 0 0 1 1
1 54 1 1 1 0 1000 1 0 14.4 36.1 53.2 134 13 7.5 1 0 0 0 0 1 1
1 52 3 1 0 1 23.3 1 1 24.3 35.7 34.4 124 13.9 3.5 1 0 0 0 0 1 1
1 72 3 1 0 0 7 1 0 21.1 46.9 59 34 14 2 1 0 0 0 0 1 1
1 51 2 2 1 0 191 1 0 14.3 32.2 86 244 13.2 3 1 0 0 0 0 1 1
2 39 2 2 0 1 34 1 0 8.5 39.9 39.2 125 11.5 3.5 1 0 0 0 0 1 1
1 54 3 1 0 0 2.6 1 0 8.4 35.7 70.4 196 13.8 5.5 1 0 0 0 0 1 1
2 46 4 1 0 0 1210 1 1 13.9 32.3 79.6 146 13.3 12 1 0 0 0 0 1 2
1 48 3 1 1 0 925.2 1 1 8.8 45.9 38.6 54 11.2 6.4 1 0 0 0 0 1 2
2 46 4 2 0 1 1210 1 0 10.4 39.4 60.3 116 11.2 4.3 1 0 0 0 0 1 2
1 48 2 1 0 0 65.1 1 0 13.1 43.1 36.8 167 13.4 10 1 0 0 0 0 1 2
1 64 3 1 0 0 460.6 1 1 13.8 41.3 50.9 58 13.8 10.8 1 0 0 0 0 1 2
1 30 4 2 1 0 1210 1 0 14.1 40.6 52 97 11.8 12 1 0 0 0 0 1 2
1 47 3 1 1 0 48.9 1 0 9.2 43.3 42 107 12.5 4.3 1 0 0 0 0 1 2
1 58 3 1 1 0 6.7 1 0 26.7 52.6 33.9 86 11.8 1.9 1 0 0 0 0 1 2
1 61 3 1 0 1 2.3 0 0 11.1 46.3 29 200 12.9 7.5 1 0 0 0 0 1 2
1 49 2 2 1 0 4.8 1 1 19.5 40.4 210 191 12.2 4.2 1 0 0 0 0 1 2
1 58 3 1 1 1 3.7 1 0 11.9 36 45.1 88 14.8 9 1 0 0 0 0 0 2
1 47 3 1 0 0 76.8 1 0 13.2 38.7 50.1 166 14.5 8 1 0 0 0 0 1 2
1 59 3 1 0 1 18.5 1 0 12.8 40.4 98.1 245 13.1 6.3 1 0 0 0 0 1 2
1 39 3 1 1 0 1210 0 0 22.9 47.3 28 189 13.8 11.5 1 0 0 0 0 1 2
1 43 3 1 1 0 14.7 1 0 14.3 25.6 44 109 12.4 8 1 0 0 0 0 1 2
1 55 3 1 1 1 137.8 1 1 17.6 36.6 73.7 179 13.2 11 1 0 0 0 0 1 2
1 31 3 1 1 0 209.2 1 0 11 43.8 30.7 144 14 3.5 1 0 0 0 0 1 2
1 27 2 1 1 0 1210 1 0 7.4 23.9 69.1 29 11.7 5 1 0 0 0 0 1 2
1 64 2 1 0 0 4.3 0 0 22.8 39.7 80 48 12.1 4.8 1 0 0 0 0 1 2
1 52 2 1 1 1 9 0 0 15.4 47.8 21.4 103 11.7 1.5 1 0 0 0 0 1 2
1 46 3 1 1 0 1210 1 1 11.8 37.4 42 213 13 11.5 1 0 0 0 0 1 2
1 36 3 1 1 0 6.2 1 1 17.7 23.1 66.7 81 11.8 10 1 0 0 0 0 1 2
1 58 3 1 0 0 5.8 1 0 17.7 43.5 129 185 11 5.5 1 0 0 0 0 1 2
2 64 3 1 0 1 297.2 1 0 18.4 38 24.5 138 13.9 3 1 0 0 0 0 0 2
1 44 3 1 1 0 105.6 1 0 18.3 41 112.6 151 11.2 3.9 1 0 0 0 0 1 2
2 23 3 1 1 1 1210 1 0 19.9 37.1 66.8 101 11.9 2 1 0 0 0 0 1 2
1 55 3 1 0 1 60 1 0 17.4 39.8 69 176 13.6 1 1 0 0 0 0 1 2
1 34 3 1 1 0 1210 1 0 14 39.5 56.6 182 13.2 4 1 0 0 0 0 1 2
1 43 4 1 0 0 1210 1 0 18.9 42.7 39.9 48 14.4 9.5 1 0 0 0 0 0 2
1 41 3 1 1 0 1210 1 0 12.9 45.5 72.3 79 12.1 3.5 1 0 0 0 0 1 2
1 58 3 1 1 1 16.5 1 0 17.8 42.5 38.5 180 12.2 3.7 1 0 0 0 0 1 2
1 60 3 1 1 0 61.6 1 0 16.9 30.7 34.7 129 14.5 5.5 1 0 0 0 0 1 2
1 34 3 1 0 0 9.4 1 1 21.6 44.9 31.9 61 13.4 5 1 0 0 0 0 1 2
1 38 3 1 0 0 1210 1 0 19.5 33.8 32.3 96 13.7 5.5 1 0 0 0 0 1 2
1 50 3 1 1 0 96 1 0 16.6 36.9 111 288 11.7 2 1 0 0 0 0 0 2
1 38 3 1 1 0 1210 1 0 28 49.7 159 153 11.4 1 1 0 0 0 0 1 2
1 61 3 2 1 1 1210 1 1 15.1 34.2 31.2 127 14 1 1 0 0 0 0 1 2
1 41 3 1 1 0 24.5 1 0 11.8 42.9 47.3 342 11.2 2.8 1 0 0 0 0 1 2
1 41 3 2 0 1 4.8 1 0 16 38.7 36 110 13.4 3 1 0 0 0 0 1 2
1 42 3 1 1 0 1210 1 0 7.8 24.2 98.9 155 12.9 7 1 0 0 0 0 0 2
1 53 3 1 1 1 1210 1 1 16.9 23 65 99 11.7 12.4 1 0 0 0 0 1 2
1 31 3 1 0 0 1210 1 0 20.1 38.1 34.5 81 11.2 5.5 1 0 0 0 0 1 2
2 45 3 1 0 1 1210 1 0 9.2 32.6 79 134 11.1 7.5 1 0 0 0 0 1 2
1 69 3 2 0 0 10.2 1 0 11.4 26.7 54.2 64 11.2 10.4 1 0 0 0 0 1 2
1 50 3 1 1 0 1210 1 0 10.1 39.8 81.4 35 14.6 6 1 0 0 0 0 0 2
1 42 3 2 0 0 1210 1 0 22.9 34.7 77.6 87 13.8 2 1 0 0 0 0 1 2
2 62 3 1 0 1 931.7 1 0 61 36.9 179.3 72 13 8 1 0 0 0 0 1 2
2 51 3 1 0 0 3.6 0 0 8.5 35.8 36.9 56 15.6 2 1 0 0 0 0 1 2
1 62 3 2 1 0 1210 1 0 12.4 41.6 36.9 37 13.4 3.5 1 0 0 0 0 1 2
1 54 3 1 0 1 3.4 1 1 22.4 45.3 20.5 87 13.3 5 1 0 0 0 0 1 2
2 53 1 1 0 0 188.5 1 0 18.9 48.5 90 37 13.2 2 1 0 0 0 0 1 2
1 47 1 1 1 0 2.3 1 0 14.9 23.8 66.7 100 13.7 2 1 0 0 0 0 1 2
1 46 3 2 1 0 1210 1 0 13.4 41.9 128.9 199 13.6 1.5 1 0 0 0 0 1 2
1 65 3 1 0 1 76.4 1 0 17.3 41.5 19.7 132 12.1 4.5 1 0 0 0 0 0 2
1 58 3 2 1 0 49.8 1 0 14.3 37.6 10.2 130 13.8 8.5 1 0 0 0 0 1 2
2 55 2 2 0 1 257.1 1 0 10.8 32.7 66.6 141 12.5 2.5 1 0 0 0 0 1 2
1 41 3 1 0 1 371 1 0 18.5 43.8 44.3 86 14.2 4 1 0 0 0 0 1 2
1 48 3 1 1 0 1210 1 0 12.5 31.1 49.2 154 11.8 10.8 1 0 0 0 0 1 2
2 62 3 1 1 0 1210 1 1 25.2 36.4 14.4 202 11.2 1.6 1 0 0 0 0 1 2
2 42 1 1 0 0 1210 1 1 8.3 45.9 39 108 11.1 5.9 1 0 0 0 0 1 2
1 58 2 1 0 1 134.2 1 0 13.2 49.3 93.1 133 10.8 2.6 1 0 0 0 0 1 2
1 63 3 1 0 0 1000 1 0 20.5 37 52.3 96 12.7 7 1 0 0 0 0 1 2
1 36 3 2 0 1 5.9 0 0 20 28.2 84.8 149 11.2 4.6 1 0 0 0 0 1 2
1 68 3 1 1 1 231.3 1 0 13.3 45.1 43 134 14.2 3 1 0 0 0 0 1 2
2 49 3 1 1 1 428.6 1 0 16.3 38.2 25 216 14 4 1 0 0 0 0 1 2
1 58 3 2 1 0 359.2 1 0 12.8 48.9 144 176 12.2 6.5 1 0 0 0 0 1 2
1 60 2 1 0 0 3.4 1 0 9.1 32.8 42.9 32 14.1 5.5 1 0 0 0 0 1 2
1 50 3 2 1 0 1210 1 1 12.5 36.1 74.4 79 13.6 3.4 1 0 0 0 0 1 3
1 59 3 2 1 0 326.2 1 0 12.4 36.6 39 205 13.8 5 1 0 0 0 0 1 3
1 47 3 1 1 0 13.6 1 0 13 47 28.4 156 14.5 12 1 0 0 0 0 1 3
1 52 2 1 0 1 331.5 1 0 7 31.4 53.2 54 12.8 6.5 1 0 0 0 0 1 3
1 55 3 2 1 1 15.6 1 0 20.6 45.7 34.3 49 14 2.5 1 0 0 0 0 1 3
1 40 1 1 1 0 7.5 1 0 27.1 25.1 49.2 257 14.8 8 1 0 0 0 0 1 3
1 60 3 2 1 0 468.1 1 0 8.9 52.4 37.6 108 13.4 6.5 1 0 0 0 0 1 3
1 46 2 1 0 0 2.7 1 0 11.5 36.8 91.4 79 11.7 2.3 1 0 0 0 0 0 3
1 52 3 1 1 0 69.2 1 0 16.7 42.9 186 130 14.2 8.5 1 0 0 0 0 1 3
1 62 3 1 1 0 340.9 1 0 7.5 38.1 38.9 64 13.8 1 1 0 0 0 0 1 3
1 42 3 1 1 0 40.4 1 1 10.2 41.4 54.4 47 13.7 1 1 0 0 0 0 1 3
2 58 2 1 0 1 26.2 1 1 21.7 37.9 104 170 13.9 3.5 1 0 0 0 0 0 3
1 48 3 1 1 0 1210 0 0 8.2 42.4 21 43 13.4 4.2 1 0 0 0 0 1 3
1 54 3 1 0 0 379.7 1 0 11.5 37.5 44.2 101 12.2 4.5 1 0 0 0 0 1 3
1 43 3 1 0 1 510 1 0 18 45.8 46.3 92 12.2 4.7 1 0 0 0 0 1 3
1 45 3 1 1 1 4.2 1 1 23.9 38.4 81.8 178 13 2 1 0 0 0 0 1 3
1 52 2 1 1 0 1210 1 1 19.5 39 55.2 38 14.1 3 1 0 0 0 0 1 3
1 61 4 1 0 0 3.4 1 0 30.4 33.6 22.2 132 13.5 4 1 0 0 0 0 1 3
1 45 3 1 1 1 3 1 0 10.6 37.3 63 101 13.5 3 1 0 0 0 0 1 3
1 37 3 1 0 1 81.1 1 1 16 42.5 31.4 20 14 8 1 0 0 0 0 1 3
1 65 3 1 0 1 1210 1 0 19.1 43.9 21.9 160 13.8 4 1 0 0 0 0 1 3
1 59 4 1 0 1 5 1 0 14.1 43.3 20.8 120 10.9 1.5 0 1 0 0 0 0 3
1 50 3 2 1 0 21.2 1 1 29.8 31.1 51.9 197 11.8 1 0 1 0 0 0 1 3
1 45 3 1 0 0 636.3 1 0 48.3 35.3 83.9 23 13.3 2 0 1 0 0 0 0 3
1 51 3 1 0 0 113.8 1 0 10.2 25 18.5 91 11.6 4.27 0 1 0 0 0 1 3
1 55 3 1 1 0 110.5 1 0 9.8 32.2 47.2 100 13.7 1.8 0 1 0 0 0 1 3
1 32 3 1 1 0 1210 1 0 8.8 37.6 75.2 69 12.9 1 0 1 0 0 0 0 3
1 36 3 1 0 0 5.3 1 0 7.4 42 27.3 130 13.2 3.61 0 1 0 0 0 1 3
1 26 3 1 1 1 476 1 0 10 44.2 25.3 56 12.2 3 0 1 0 0 0 1 3
1 69 3 1 1 0 1210 1 0 15.9 44.4 44 51 12.4 3.3 0 1 0 0 0 1 3
2 37 3 1 1 0 1084.4 1 1 10.1 45.6 24.2 140 15.2 3 0 1 0 0 0 1 3
1 43 3 1 1 0 6 1 0 8.2 47.1 20.2 65 14 3.5 0 1 0 0 0 1 3
1 53 3 1 0 1 1000 1 0 15.4 48.6 22 71 13.8 5 0 1 0 0 0 1 3
1 41 3 1 1 0 5.2 1 0 10.4 39.7 38.5 88 13.2 3.25 0 1 0 0 0 1 3
2 11 3 1 0 1 1200 1 0 15.5 47 83 104 13.2 3.46 0 1 0 0 0 1 3
1 65 3 1 1 0 18.9 1 0 27.6 38.2 44.6 180 13.5 3.1 0 1 0 0 0 1 3
1 46 3 1 1 0 6.7 0 0 13.9 38.5 49.9 102 11.7 4 0 1 0 0 0 0 3
2 59 3 1 0 1 1100 1 0 78.5 39.4 73.9 101 15 4.3 0 1 0 0 0 1 3
1 61 3 2 0 0 1210 1 1 9.1 30.8 62 111 15 4 0 1 0 0 0 1 3
1 49 2 2 0 0 1000 1 0 11.5 46.8 39.6 183 14.4 4 0 1 0 0 0 0 3
1 67 3 1 1 0 362 0 0 15.5 37.5 41.3 199 13.3 3 0 1 0 0 0 1 3
1 63 2 1 1 0 3.4 1 1 19.8 23 31.3 144 13.4 4 0 1 0 0 0 1 3
1 64 3 1 1 0 1210 1 0 18.6 40.9 38 110 13.5 4.2 0 1 0 0 0 1 3
1 42 3 1 1 1 1000 1 0 18.9 52.8 69 107 13.8 4 0 1 0 0 0 0 3
1 49 4 1 0 1 9.5 1 0 14.9 42.9 69.5 73 13.7 2.72 0 1 0 0 0 1 3
1 63 2 1 1 1 109.6 1 0 13.2 34.8 22.8 138 13.3 3.5 0 1 0 0 0 0 3
1 58 2 1 0 1 8.8 0 0 18.8 32 240 114 13.9 2.5 0 1 0 0 0 0 3
1 53 3 2 1 1 1210 1 1 8 33.2 48.3 78 14.3 2.5 0 1 0 0 0 0 3
1 37 3 1 1 1 1210 1 0 18.3 48.9 55.9 52 14.1 4 0 1 0 0 0 1 3
1 37 2 1 1 0 10.7 1 0 15.6 23.7 24.4 89 14 4 0 1 0 0 0 0 3
1 59 3 1 1 0 1210 1 0 8.5 33.3 42.5 172 13.2 2.8 0 1 0 0 0 0 3
1 51 3 1 1 1 33.8 1 0 24 41.7 67.3 81 13.6 2 0 1 0 0 0 0 3
1 58 3 1 1 0 1210 1 0 14.3 39 49.2 234 14.1 3.53 0 1 0 0 0 1 3
1 62 3 2 0 0 1210 1 0 10 37.9 34.9 69 12.8 5 0 1 0 0 0 1 3
1 15 3 2 1 0 1210 1 0 12.4 43.5 29.2 130 11.7 4.5 0 1 0 0 0 1 1
1 31 3 1 1 0 1210 1 1 34.3 45.5 28.7 217 12.8 5 0 1 0 0 0 1 1
1 60 3 1 0 0 3.9 0 0 3.7 23.1 40.8 76 13.3 2.5 0 1 0 0 0 1 1
1 57 3 1 1 0 631.2 1 0 8.2 42.2 36.2 82 14.5 1 0 1 0 0 0 1 1
1 53 3 1 0 1 1210 1 0 23 37.8 32.4 89 11.7 1.8 0 1 0 0 0 0 1
1 61 2 1 0 1 2.6 1 0 9 40.8 44.7 129 12 5 0 1 0 0 0 1 1
1 49 4 1 1 1 1000 1 0 11.2 43.4 54 140 14.8 3 0 1 0 0 0 1 1
1 42 2 2 0 1 1000 0 0 18.6 49.1 74.6 88 11.7 3.1 0 1 0 0 0 1 2
1 32 3 1 0 0 1000 1 0 17 44.7 23.2 114 13.8 3.94 0 1 0 0 0 1 2
1 53 3 2 1 1 192.9 1 0 9.4 39.6 38.1 16 13.3 1.7 0 1 0 0 0 1 2
1 45 3 1 1 0 1210 1 0 13.6 31.7 40.5 182 12.6 3 0 1 0 0 0 1 2
2 52 3 1 1 0 1000 1 0 11.1 43.9 125.6 63 13.2 1.5 0 1 0 0 0 1 2
1 45 3 1 0 0 1000 1 0 12.8 47 18 202 14.8 4 0 1 0 0 0 1 2
1 60 3 1 0 0 1210 1 0 9.3 42.3 123.3 63 11 3.59 0 1 0 0 0 1 2
1 54 2 2 0 0 12 1 1 17.3 31.8 39.3 118 12.8 1 0 1 0 0 0 1 2
1 34 3 1 0 0 26 1 0 10.1 49.8 112 360 12.6 2.5 0 1 0 0 0 1 2
2 57 3 1 0 1 3.8 0 0 8.4 37.1 11.1 166 13.2 4.5 0 1 0 0 0 1 2
1 43 3 1 1 1 605.8 1 0 17.7 46.2 117.8 128 12.6 7 0 1 0 0 0 1 2
2 33 3 1 1 1 1210 1 0 12.7 39.7 30.9 119 12.1 2.2 0 1 0 0 0 1 2
1 50 3 1 0 1 1210 1 0 20.8 31.9 49.8 110 11 3.3 0 1 0 0 0 1 2
1 75 3 1 0 1 1000 0 0 13 43.2 29.2 65 15.4 1.5 0 1 0 0 0 1 2
1 38 3 2 1 0 5.4 1 0 5.4 53.3 60 102 11.2 10.4 0 1 0 0 0 1 2
1 43 3 1 0 0 26.1 1 0 11.4 35 67.4 183 12.1 2.4 0 1 0 0 0 1 2
1 63 2 1 1 0 1210 1 0 13.1 36 21.7 130 10.9 5 0 1 0 0 0 1 2
1 41 3 1 1 0 1000 1 0 26.6 49.5 61.2 115 12.6 4.6 0 1 0 0 0 1 2
1 49 3 1 0 1 9.1 1 0 13.2 37.9 34.5 82 13.5 1 0 1 0 0 0 1 2
1 46 3 1 1 0 3.5 1 0 10.3 23.9 63.6 61 11.6 4.5 0 1 0 0 0 1 2
1 33 3 1 1 0 154.4 1 0 8.3 42.2 37 144 13.8 1.5 0 1 0 0 0 1 2
1 56 3 1 0 0 1210 1 0 14.7 35 55.4 124 12.4 4.9 0 1 0 0 0 1 2
1 36 3 1 1 0 4.4 1 0 13.1 44.8 83.4 103 14.1 4 0 1 0 0 0 1 3
1 33 2 1 0 1 100 1 0 24.3 37.6 36.1 114 13.1 2 0 1 0 0 0 1 3
2 54 3 1 1 0 1000 1 0 11.2 42.7 83.5 179 14.1 2.34 0 1 0 0 0 1 3
1 29 3 1 0 1 1210 1 1 11.9 39.3 83 107 13.2 4 0 1 0 0 0 1 3
1 67 3 1 0 0 8.1 1 0 12.2 40.3 31.6 93 14.1 1 0 1 0 0 0 1 3
1 42 3 1 0 1 429 1 1 26.9 45.2 64.6 123 13.4 4.3 0 1 0 0 0 1 3
1 54 2 1 1 1 14.5 1 0 10.8 40.3 38.3 166 14.4 3 0 1 0 0 0 1 3
1 54 2 1 0 0 7.3 1 0 8.1 27.5 22.8 186 12.5 1 0 1 0 0 0 1 3
1 47 2 1 1 0 1210 1 0 10.9 41.3 108.2 199 14.5 1 0 1 0 0 0 1 3
1 27 3 1 0 0 1210 0 0 13 30.5 17 92 14.8 4.5 0 0 1 0 0 1 3
1 50 2 1 0 0 6.7 1 0 7.2 39.3 36.9 137 11.2 6.9 0 0 1 0 0 1 3
1 46 3 1 1 0 12.8 1 0 6.9 40.1 96.9 145 15.2 6 0 0 1 0 0 1 3
1 37 3 1 0 0 10.6 1 0 12.5 48 57 126 13.7 3 0 0 1 0 0 1 3
1 52 3 1 0 0 79.7 1 1 16.2 43.9 30.6 140 11.6 5 0 0 1 0 0 0 3
1 21 2 1 1 0 9.9 1 0 24.4 24.9 67.3 44 12.5 6.5 0 0 1 0 0 0 3
1 49 2 1 0 1 4.7 0 0 11.4 39.1 66.8 97 14.2 4 0 0 1 0 0 1 3
1 56 3 1 1 0 6.4 1 1 9 32.2 40.7 104 13.2 6 0 0 1 0 0 1 3
1 74 3 1 1 0 606.3 0 0 9.8 45.5 32.6 167 13.7 4.5 0 0 1 0 0 1 3
1 51 3 2 1 1 180.4 1 0 12.5 36.1 33.9 117 13.8 5.5 0 0 1 0 0 1 3
1 32 3 1 1 0 1210 1 0 10.3 40.2 248 88 11.5 4.6 0 0 1 0 0 1 3
1 34 2 1 0 1 5.2 1 0 11.5 42.8 37 146 14.4 7 0 0 1 0 0 0 3
1 44 3 1 0 0 1210 1 0 15.1 47.1 52 72 12.8 3 0 0 1 0 0 0 3
1 52 3 2 1 1 35.5 1 1 19.9 39.5 205 119 12 5 0 0 1 0 0 0 3
1 42 3 1 1 0 3.6 1 0 16.3 34.7 81 38 13.5 5 0 0 1 0 0 0 1
1 41 3 1 0 0 10 1 0 21.8 41.9 104 120 11.8 12.4 0 0 1 0 0 1 1
1 55 2 1 0 1 898.2 1 0 15 41 59 57 11.4 10.3 0 0 1 0 0 0 1
1 53 2 1 0 1 3.1 1 0 14 57.2 53.5 106 13.8 8 0 0 1 0 0 1 1
1 47 4 1 0 0 113.4 1 0 10 30.6 61.7 36 12.1 7.2 0 0 1 0 0 1 1
1 47 2 1 1 0 495.7 1 0 12.6 41.2 47.8 124 12.5 5.5 0 0 1 0 0 1 1
1 47 3 1 0 1 771.2 1 0 21.4 43.7 25.4 33 12 5 0 0 1 0 0 1 1
1 41 3 1 0 1 156.3 1 0 27.7 45.3 23.1 84 14.1 7 0 0 1 0 0 1 1
1 72 3 1 1 0 131.1 1 1 12.5 32.3 28.6 101 14 3 0 0 1 0 0 1 1
1 59 2 1 0 1 2.3 1 0 11 41.8 33.9 37 13.2 8.5 0 0 1 0 0 1 2
1 36 3 1 1 0 1210 1 0 9.7 48.8 64.6 151 14.2 2.5 0 0 1 0 0 1 2
1 40 3 1 0 1 6.2 1 0 12.5 31.3 44.7 84 13.9 4 0 0 1 0 0 1 2
1 52 3 1 1 1 7.5 1 0 19.3 46.2 83 44 13.2 8 0 0 1 0 0 1 2
1 50 2 1 1 0 6 0 0 22.1 45.7 31 182 12.4 4.8 0 0 1 0 0 1 2
1 39 3 1 1 0 5.1 1 0 11.5 47.2 60 137 12 5.5 0 0 1 0 0 1 2
1 44 2 1 1 0 1210 1 0 22.5 33.6 22.6 56 11.2 10 0 0 1 0 0 1 2
1 41 2 1 0 1 1210 1 0 14.5 33.3 58.1 94 13 5.5 0 0 1 0 0 1 2
1 42 3 1 1 0 114.9 1 1 8.4 26.7 71.5 58 13.5 4.6 0 0 1 0 0 1 3
1 63 3 1 1 0 1210 0 0 7.4 37.3 28.8 110 14.2 12.5 0 0 0 1 0 0 3
2 58 3 1 1 0 7.1 1 0 20.4 38.5 34.2 66 11.5 10.4 0 0 0 1 0 1 1
1 48 3 2 1 0 11.2 1 0 10.6 47.6 64 102 11.2 12 0 0 0 1 0 1 1
1 48 3 1 1 0 196.3 1 0 5.4 39.7 94.9 217 13.6 11 0 0 0 1 0 1 1
1 44 3 1 0 0 5.5 1 1 23.3 47.2 48.9 145 12.7 7 0 0 0 1 0 1 1
1 29 4 1 1 0 14.5 1 0 18.1 38.3 38.2 106 12.1 8.9 0 0 0 1 0 0 1
1 45 3 2 0 0 6.7 1 0 24.5 43.3 15.7 45 13.1 9.5 0 0 0 1 0 1 1
1 34 3 1 1 0 1210 1 0 10.2 31.7 18.5 107 13.1 10 0 0 0 1 0 1 2
1 36 3 1 1 1 1210 1 0 16.5 47.2 65 129 14.1 12 0 0 0 1 0 1 2
1 50 3 1 1 0 150.3 1 1 15.6 43.6 33.1 70 13.6 7 0 0 0 0 1 1 3
2 40 2 1 0 1 29.4 1 1 15 42.1 24.5 66 11.5 10.4 0 0 0 0 1 1 1
1 63 3 1 0 1 659.8 1 0 18.3 46.9 71.3 110 12 11.7 0 0 0 0 1 1 1
1 42 4 2 1 0 231.7 1 0 7.2 37.6 41 141 13.4 12.5 0 0 0 0 1 1 1
1 58 3 1 1 0 40.9 1 0 14.8 42.3 56.8 101 12.9 10 0 0 0 0 1 1 3
